47,41,2,0.22993
36,43,2,0.010961
48,56,2,0.011007
4,10,2,0.011084
6,57,2,0.010948
48,27,2,0.01104
17,5,2,0.011046
42,32,2,0.011045
37,30,2,0.010973
29,56,2,0.011017
3,46,2,0.010995
5,42,2,0.01102
28,20,2,0.011005
5,32,2,0.011004
53,14,2,0.011017
41,59,2,0.011006
48,21,2,0.011007
25,44,2,0.011106
11,46,2,0.011032
10,29,2,0.010936
25,47,2,0.011009
4,3,2,0.010965
56,45,2,0.011001
13,54,2,0.011092
20,56,2,0.011151
7,4,2,0.011067
22,8,2,0.0111
19,60,2,0.010973
12,17,2,0.011002
7,42,2,0.011062
15,14,2,0.011
60,18,2,0.010978
16,27,2,0.010955
6,8,2,0.011097
34,30,2,0.01094
46,52,2,0.011023
22,5,2,0.011089
2,14,2,0.011005
4,19,2,0.011047
49,9,2,0.010972
47,42,2,0.011088
34,25,2,0.011206
29,40,2,0.010918
31,45,2,0.01114
58,55,2,0.010973
56,37,2,0.011103
19,7,2,0.011016
37,15,2,0.010951
24,14,2,0.011034
51,13,2,0.010967
47,2,2,0.011003
20,26,2,0.01098
10,33,2,0.01105
32,21,2,0.011009
19,43,2,0.010917
12,28,2,0.011071
1,46,2,0.01103
23,50,2,0.010921
1,59,2,0.010999
39,10,2,0.011073
17,4,2,0.01111
30,36,2,0.011204
54,15,2,0.011039
5,49,2,0.011036
9,40,2,0.010972
47,28,2,0.011015
60,37,2,0.011016
52,18,2,0.010958
15,60,2,0.011121
41,28,2,0.011005
18,49,2,0.011114
2,31,2,0.011047
35,60,2,0.011057
39,46,2,0.011016
33,35,2,0.010999
47,36,2,0.011028
60,53,2,0.011125
9,31,2,0.011016
7,29,2,0.011003
18,12,2,0.011001
26,14,2,0.01104
40,7,2,0.011222
16,4,2,0.011021
55,21,2,0.011023
40,19,2,0.010999
27,36,2,0.011053
44,38,2,0.011039
5,55,2,0.011005
4,50,2,0.01107
23,2,2,0.01102
6,24,2,0.011079
40,22,2,0.010958
1,31,2,0.010984
5,50,2,0.01113
14,33,2,0.010965
52,13,2,0.011089
58,38,2,0.011005
44,42,2,0.011008
7,48,2,0.011005
58,35,2,0.011012
56,10,2,0.011002
28,42,2,0.011056
1,49,2,0.010991
8,56,2,0.011045
16,55,2,0.011052
15,29,2,0.010981
54,24,2,0.011001
30,21,2,0.011019
8,50,2,0.010949
17,30,2,0.010978
7,36,2,0.011011
18,37,2,0.011021
22,48,2,0.011063
4,52,2,0.011122
27,28,2,0.011249
11,47,2,0.011002
58,27,2,0.010953
13,5,2,0.010951
34,7,2,0.011042
44,24,2,0.010953
21,41,2,0.011184
34,45,2,0.010911
33,3,2,0.011007
41,27,2,0.01091
5,39,2,0.011031
31,33,2,0.011002
27,53,2,0.010999
38,41,2,0.011029
26,28,2,0.011125
60,24,2,0.011229
54,46,2,0.01107
28,13,2,0.01103
16,40,2,0.011084
2,51,2,0.010991
54,31,2,0.011038
46,44,2,0.011066
15,16,2,0.011083
31,6,2,0.011074
24,47,2,0.011217
36,10,2,0.010996
7,24,2,0.011053
60,8,2,0.011154
28,1,2,0.011009
11,50,2,0.010968
55,30,2,0.011303
14,9,2,0.011034
29,59,2,0.011169
53,49,2,0.011103
47,7,2,0.011007
55,27,2,0.011011
2,7,2,0.011008
19,32,2,0.011013
10,16,2,0.01101
53,23,2,0.010984
30,25,2,0.01105
20,41,2,0.011006
15,25,2,0.011009
60,10,2,0.011126
16,37,2,0.011011
26,56,2,0.011009
36,11,2,0.011023
31,3,2,0.011069
46,38,2,0.011009
18,8,2,0.011003
51,56,2,0.011134
55,4,2,0.011016
6,45,2,0.011027
1,24,2,0.010988
46,34,2,0.010995
29,23,2,0.011007
33,13,2,0.011164
55,9,2,0.011095
54,56,2,0.01105
60,44,2,0.011066
30,46,2,0.011268
48,4,2,0.011129
53,58,2,0.011009
20,51,2,0.011039
12,37,2,0.010991
33,15,2,0.010968
7,49,2,0.010977
22,32,2,0.011037
23,31,2,0.011033
56,1,2,0.011065
11,49,2,0.01108
9,43,2,0.011008
4,46,2,0.011095
24,32,2,0.01102
16,34,2,0.010949
29,11,2,0.011092
54,1,2,0.011043
10,51,2,0.010988
3,29,2,0.011022
41,22,2,0.010941
50,39,2,0.011091
2,43,2,0.011083
14,50,2,0.011033
46,9,2,0.011067
50,59,2,0.011008
9,2,2,0.010911
37,58,2,0.011182
21,7,2,0.010915
53,31,2,0.011072
33,44,2,0.01114
26,17,2,0.011081
14,1,2,0.011138
10,42,2,0.011005
7,25,2,0.011076
40,35,2,0.011055
18,3,2,0.011065
58,7,2,0.011028
22,46,2,0.010913
3,50,2,0.011232
17,9,2,0.011237
21,34,2,0.011201
9,32,2,0.011009
19,34,2,0.011007
32,28,2,0.011011
3,8,2,0.011238
51,46,2,0.011085
5,48,2,0.011216
11,9,2,0.010928
20,55,2,0.011018
12,51,2,0.011072
37,25,2,0.011239
40,15,2,0.01097
42,14,2,0.011048
39,8,2,0.011007
49,45,2,0.011019
16,25,2,0.011405
30,53,2,0.010939
38,42,2,0.010941
47,9,2,0.01103
49,10,2,0.011198
28,15,2,0.011008
41,55,2,0.011231
40,25,2,0.010985
51,47,2,0.01103
41,26,2,0.010979
1,58,2,0.010987
25,33,2,0.011006
15,32,2,0.011206
37,52,2,0.011134
1,41,2,0.011017
8,53,2,0.011013
15,51,2,0.011107
10,32,2,0.011189
45,54,2,0.010989
5,30,2,0.011071
2,56,2,0.011004
8,13,2,0.011067
31,4,2,0.011159
56,5,2,0.010964
18,1,2,0.011017
53,38,2,0.011007
17,3,2,0.010922
8,46,2,0.011096
19,28,2,0.011006
9,3,2,0.011015
32,13,2,0.010988
39,56,2,0.011012
57,45,2,0.011003
30,33,2,0.011009
54,7,2,0.011041
57,25,2,0.011113
12,32,2,0.011004
19,53,2,0.010988
17,35,2,0.011093
14,10,2,0.011053
6,36,2,0.011251
24,39,2,0.011036
43,32,2,0.011019
55,12,2,0.011008
56,6,2,0.010965
42,15,2,0.011049
18,33,2,0.011063
22,26,2,0.011093
44,27,2,0.011061
18,23,2,0.010996
36,42,2,0.011147
50,20,2,0.011021
51,34,2,0.011006
50,25,2,0.011105
56,4,2,0.011022
20,32,2,0.010988
44,4,2,0.010974
49,48,2,0.01105
26,3,2,0.011094
30,51,2,0.011133
37,9,2,0.011039
14,12,2,0.010942
59,40,2,0.011103
14,21,2,0.010986
59,56,2,0.010962
11,17,2,0.011008
